100,100
100,101
100,102
100,103
100,104
100,105
100,106
100,107
100,108
100,109
100,110
100,111
100,112
100,113
100,114
100,115
100,116
100,117
100,118
100,119
100,120
100,121
100,122
100,123
100,124
100,125
100,126
100,127
100,128
100,129
100,130
100,131
100,132
100,133
100,134
100,135
100,136
100,137
100,138
100,139
100,140
100,141
100,142
100,143
100,144
100,145
100,146
100,147
100,148
100,149
100,150
100,151
100,152
100,153
100,154
100,155
100,156
100,157
100,158
100,159
100,160
100,161
100,162
100,163
100,164
100,165
100,166
100,167
100,168
100,169
100,170
100,171
100,172
100,173
100,174
100,175
100,176
100,177
100,178
100,179
100,180
100,181
100,182
100,183
100,184
100,185
100,186
100,187
100,188
100,189
100,190
100,191
100,192
100,193
100,194
100,195
100,196
100,197
100,198
100,199
100,200
100,201
100,202
100,203
100,204
100,205
100,206
100,207
100,208
100,209
100,210
100,211
100,212
100,213
100,214
100,215
100,216
100,217
100,218
100,219
100,220
100,221
100,222
100,223
100,224
100,225
100,226
100,227
100,228
100,229
100,230
100,231
100,232
100,233
100,234
100,235
100,236
100,237
100,238
100,239
100,240
100,241
100,242
100,243
100,244
100,245
100,246
100,247
100,248
100,249
100,250
100,251
100,252
100,253
100,254
100,255
100,256
100,257
100,258
100,259
100,260
100,261
100,262
100,263
100,264
100,265
100,266
100,267
100,268
100,269
100,270
100,271
100,272
100,273
100,274
100,275
100,276
100,277
100,278
100,279
100,280
100,281
100,282
100,283
100,284
100,285
100,286
100,287
100,288
100,289
100,290
100,291
100,292
100,293
100,294
100,295
100,296
100,297
100,298
100,299
100,300
100,301
100,302
100,303
100,304
100,305
100,306
100,307
100,308
100,309
100,310
100,311
100,312
100,313
100,314
100,315
100,316
100,317
100,318
100,319
100,320
100,321
100,322
100,323
100,324
100,325
100,326
100,327
100,328
100,329
100,330
100,331
100,332
100,333
100,334
100,335
100,336
100,337
100,338
100,339
100,340
100,341
100,342
100,343
100,344
100,345
100,346
100,347
100,348
100,349
100,350
100,351
100,352
100,353
100,354
100,355
100,356
100,357
100,358
100,359
100,360
100,361
100,362
100,363
100,364
100,365
100,366
100,367
100,368
100,369
100,370
100,371
100,372
100,373
100,374
100,375
100,376
100,377
100,378
100,379
100,380
100,381
100,382
100,383
100,384
100,385
100,386
100,387
100,388
100,389
100,390
100,391
100,392
100,393
100,394
100,395
100,396
100,397
100,398
100,399
100,400
100,401
100,402
100,403
100,404
100,405
100,406
100,407
100,408
100,409
100,410
100,411
100,412
100,413
100,414
100,415
100,416
100,417
100,418
100,419
100,420
100,421
100,422
100,423
100,424
100,425
100,426
100,427
100,428
100,429
100,430
100,431
100,432
100,433
100,434
100,435
100,436
100,437
100,438
100,439
100,440
100,441
100,442
100,443
100,444
100,445
100,446
100,447
100,448
100,449
100,450
100,451
100,452
100,453
100,454
100,455
100,456
100,457
100,458
100,459
100,460
100,461
100,462
100,463
100,464
100,465
100,466
100,467
100,468
100,469
100,470
100,471
100,472
100,473
100,474
100,475
100,476
100,477
100,478
100,479
100,480
100,481
100,482
100,483
100,484
100,485
100,486
100,487
100,488
100,489
100,490
100,491
100,492
100,493
100,494
100,495
100,496
100,497
100,498
100,499
100,500
101,500
102,500
103,500
104,500
105,500
106,500
107,500
108,500
109,500
110,500
111,500
112,500
113,500
114,500
115,500
116,500
117,500
118,500
119,500
120,500
121,500
122,500
123,500
124,500
125,500
126,500
127,500
128,500
129,500
130,500
131,500
132,500
133,500
134,500
135,500
136,500
137,500
138,500
139,500
140,500
141,500
142,500
143,500
144,500
145,500
146,500
147,500
148,500
149,500
150,500
151,500
152,500
153,500
154,500
155,500
156,500
157,500
158,500
159,500
160,500
161,500
162,500
163,500
164,500
165,500
166,500
167,500
168,500
169,500
170,500
171,500
172,500
173,500
174,500
175,500
176,500
177,500
178,500
179,500
180,500
181,500
182,500
183,500
184,500
185,500
186,500
187,500
188,500
189,500
190,500
191,500
192,500
193,500
194,500
195,500
196,500
197,500
198,500
199,500
200,500
201,500
202,500
203,500
204,500
205,500
206,500
207,500
208,500
209,500
210,500
211,500
212,500
213,500
214,500
215,500
216,500
217,500
218,500
219,500
220,500
221,500
222,500
223,500
224,500
225,500
226,500
227,500
228,500
229,500
230,500
231,500
232,500
233,500
234,500
235,500
236,500
237,500
238,500
239,500
240,500
241,500
242,500
243,500
244,500
245,500
246,500
247,500
248,500
249,500
250,500
251,500
252,500
253,500
254,500
255,500
256,500
257,500
258,500
259,500
260,500
261,500
262,500
263,500
264,500
265,500
266,500
267,500
268,500
269,500
270,500
271,500
272,500
273,500
274,500
275,500
276,500
277,500
278,500
279,500
280,500
281,500
282,500
283,500
284,500
285,500
286,500
287,500
288,500
289,500
290,500
291,500
292,500
293,500
294,500
295,500
296,500
297,500
298,500
299,500
300,500
301,500
302,500
303,500
304,500
305,500
306,500
307,500
308,500
309,500
310,500
311,500
312,500
313,500
314,500
315,500
316,500
317,500
318,500
319,500
320,500
321,500
322,500
323,500
324,500
325,500
326,500
327,500
328,500
329,500
330,500
331,500
332,500
333,500
334,500
335,500
336,500
337,500
338,500
339,500
340,500
341,500
342,500
343,500
344,500
345,500
346,500
347,500
348,500
349,500
350,500
351,500
352,500
353,500
354,500
355,500
356,500
357,500
358,500
359,500
360,500
361,500
362,500
363,500
364,500
365,500
366,500
367,500
368,500
369,500
370,500
371,500
372,500
373,500
374,500
375,500
376,500
377,500
378,500
379,500
380,500
381,500
382,500
383,500
384,500
385,500
386,500
387,500
388,500
389,500
390,500
391,500
392,500
393,500
394,500
395,500
396,500
397,500
398,500
399,500
400,500
400,499
400,498
400,497
400,496
400,495
400,494
400,493
400,492
400,491
400,490
400,489
400,488
400,487
400,486
400,485
400,484
400,483
400,482
400,481
400,480
400,479
400,478
400,477
400,476
400,475
400,474
400,473
400,472
400,471
400,470
400,469
400,468
400,467
400,466
400,465
400,464
400,463
400,462
400,461
400,460
400,459
400,458
400,457
400,456
400,455
400,454
400,453
400,452
400,451
400,450
400,449
400,448
400,447
400,446
400,445
400,444
400,443
400,442
400,441
400,440
400,439
400,438
400,437
400,436
400,435
400,434
400,433
400,432
400,431
400,430
400,429
400,428
400,427
400,426
400,425
400,424
400,423
400,422
400,421
400,420
400,419
400,418
400,417
400,416
400,415
400,414
400,413
400,412
400,411
400,410
400,409
400,408
400,407
400,406
400,405
400,404
400,403
400,402
400,401
400,400
400,399
400,398
400,397
400,396
400,395
400,394
400,393
400,392
400,391
400,390
400,389
400,388
400,387
400,386
400,385
400,384
400,383
400,382
400,381
400,380
400,379
400,378
400,377
400,376
400,375
400,374
400,373
400,372
400,371
400,370
400,369
400,368
400,367
400,366
400,365
400,364
400,363
400,362
400,361
400,360
400,359
400,358
400,357
400,356
400,355
400,354
400,353
400,352
400,351
400,350
400,349
400,348
400,347
400,346
400,345
400,344
400,343
400,342
400,341
400,340
400,339
400,338
400,337
400,336
400,335
400,334
400,333
400,332
400,331
400,330
400,329
400,328
400,327
400,326
400,325
400,324
400,323
400,322
400,321
400,320
400,319
400,318
400,317
400,316
400,315
400,314
400,313
400,312
400,311
400,310
400,309
400,308
400,307
400,306
400,305
400,304
400,303
400,302
400,301
400,300
400,299
400,298
400,297
400,296
400,295
400,294
400,293
400,292
400,291
400,290
400,289
400,288
400,287
400,286
400,285
400,284
400,283
400,282
400,281
400,280
400,279
400,278
400,277
400,276
400,275
400,274
400,273
400,272
400,271
400,270
400,269
400,268
400,267
400,266
400,265
400,264
400,263
400,262
400,261
400,260
400,259
400,258
400,257
400,256
400,255
400,254
400,253
400,252
400,251
400,250
400,249
400,248
400,247
400,246
400,245
400,244
400,243
400,242
400,241
400,240
400,239
400,238
400,237
400,236
400,235
400,234
400,233
400,232
400,231
400,230
400,229
400,228
400,227
400,226
400,225
400,224
400,223
400,222
400,221
400,220
400,219
400,218
400,217
400,216
400,215
400,214
400,213
400,212
400,211
400,210
400,209
400,208
400,207
400,206
400,205
400,204
400,203
400,202
400,201
400,200
400,199
400,198
400,197
400,196
400,195
400,194
400,193
400,192
400,191
400,190
400,189
400,188
400,187
400,186
400,185
400,184
400,183
400,182
400,181
400,180
400,179
400,178
400,177
400,176
400,175
400,174
400,173
400,172
400,171
400,170
400,169
400,168
400,167
400,166
400,165
400,164
400,163
400,162
400,161
400,160
400,159
400,158
400,157
400,156
400,155
400,154
400,153
400,152
400,151
400,150
400,149
400,148
400,147
400,146
400,145
400,144
400,143
400,142
400,141
400,140
400,139
400,138
400,137
400,136
400,135
400,134
400,133
400,132
400,131
400,130
400,129
400,128
400,127
400,126
400,125
400,124
400,123
400,122
400,121
400,120
400,119
400,118
400,117
400,116
400,115
400,114
400,113
400,112
400,111
400,110
400,109
400,108
400,107
400,106
400,105
400,104
400,103
400,102
400,101
400,100
399,100
398,100
397,100
396,100
395,100
394,100
393,100
392,100
391,100
390,100
389,100
388,100
387,100
386,100
385,100
384,100
383,100
382,100
381,100
380,100
379,100
378,100
377,100
376,100
375,100
374,100
373,100
372,100
371,100
370,100
369,100
368,100
367,100
366,100
365,100
364,100
363,100
362,100
361,100
360,100
359,100
358,100
357,100
356,100
355,100
354,100
353,100
352,100
351,100
350,100
349,100
348,100
347,100
346,100
345,100
344,100
343,100
342,100
341,100
340,100
339,100
338,100
337,100
336,100
335,100
334,100
333,100
332,100
331,100
330,100
329,100
328,100
327,100
326,100
325,100
324,100
323,100
322,100
321,100
320,100
319,100
318,100
317,100
316,100
315,100
314,100
313,100
312,100
311,100
310,100
309,100
308,100
307,100
306,100
305,100
304,100
303,100
302,100
301,100
300,100
299,100
298,100
297,100
296,100
295,100
294,100
293,100
292,100
291,100
290,100
289,100
288,100
287,100
286,100
285,100
284,100
283,100
282,100
281,100
280,100
279,100
278,100
277,100
276,100
275,100
274,100
273,100
272,100
271,100
270,100
269,100
268,100
267,100
266,100
265,100
264,100
263,100
262,100
261,100
260,100
259,100
258,100
257,100
256,100
255,100
254,100
253,100
252,100
251,100
250,100
249,100
248,100
247,100
246,100
245,100
244,100
243,100
242,100
241,100
240,100
239,100
238,100
237,100
236,100
235,100
234,100
233,100
232,100
231,100
230,100
229,100
228,100
227,100
226,100
225,100
224,100
223,100
222,100
221,100
220,100
219,100
218,100
217,100
216,100
215,100
214,100
213,100
212,100
211,100
210,100
209,100
208,100
207,100
206,100
205,100
204,100
203,100
202,100
201,100
200,100
199,100
198,100
197,100
196,100
195,100
194,100
193,100
192,100
191,100
190,100
189,100
188,100
187,100
186,100
185,100
184,100
183,100
182,100
181,100
180,100
179,100
178,100
177,100
176,100
175,100
174,100
173,100
172,100
171,100
170,100
169,100
168,100
167,100
166,100
165,100
164,100
163,100
162,100
161,100
160,100
159,100
158,100
157,100
156,100
155,100
154,100
153,100
152,100
151,100
150,100
149,100
148,100
147,100
146,100
145,100
144,100
143,100
142,100
141,100
140,100
139,100
138,100
137,100
136,100
135,100
134,100
133,100
132,100
131,100
130,100
129,100
128,100
127,100
126,100
125,100
124,100
123,100
122,100
121,100
120,100
119,100
118,100
117,100
116,100
115,100
114,100
113,100
112,100
111,100
110,100
109,100
108,100
107,100
106,100
105,100
104,100
103,100
102,100
101,100
389 100
300 500
360 500
400 201
100 100
