index   X   Y   S  T
0	8	9	0	0
1	9	1	1	0
2	7	5	0	0
3	5	10	0	0
4	1	0	0	0
5	7	7	0	0
6	5	8	0	0
7	6	7	0	0
8	3	7	0	0
9	9	2	0	0
============1h New cases=============
0	8	9	1	1
2	7	5	1	1
3	5	10	1	1
5	7	7	1	1
6	5	8	1	1
7	6	7	1	1
8	3	7	1	1
============= After 1hours==========
2 2 2 2 
0	8	9	1	1
1	9	1	2	0
2	7	5	1	1
3	5	10	1	1
4	1	0	0	0
5	7	7	1	1
6	5	8	1	1
7	6	7	1	1
8	3	7	1	1
9	9	2	0	0
========= After 1h movement========
0	7	7	1	1
1	9	1	2	0
2	8	10	1	1
3	6	7	1	1
4	8	5	0	0
5	6	7	1	1
6	2	1	1	1
7	9	10	1	1
8	10	2	1	1
9	4	9	0	0
============2h New cases=============
============= After 2hours==========
0 0 0 0 
0	7	7	2	2
1	9	1	3	0
2	8	10	2	2
3	6	7	2	2
4	8	5	0	0
5	6	7	2	2
6	2	1	2	2
7	9	10	2	2
8	10	2	2	2
9	4	9	0	0
========= After 2h movement========
0	7	7	2	2
1	9	1	3	0
2	8	10	2	2
3	6	7	2	2
4	7	5	0	0
5	6	7	2	2
6	2	1	2	2
7	9	10	2	2
8	10	2	2	2
9	4	7	0	0
============3h New cases=============
============= After 3hours==========
0 0 0 0 
0	7	7	3	3
1	9	1	0	0
2	8	10	3	3
3	6	7	3	3
4	7	5	0	0
5	6	7	3	3
6	2	1	3	3
7	9	10	3	3
8	10	2	3	3
9	4	7	0	0
========= After 3h movement========
0	7	7	3	3
1	5	6	0	0
2	8	10	3	3
3	6	7	3	3
4	7	0	0	0
5	6	7	3	3
6	2	1	3	3
7	9	10	3	3
8	10	2	3	3
9	5	0	0	0
============4h New cases=============
============= After 4hours==========
0 0 0 0 
0	7	7	0	0
1	5	6	0	0
2	8	10	0	0
3	6	7	0	0
4	7	0	0	0
5	6	7	0	0
6	2	1	0	0
7	9	10	0	0
8	10	2	0	0
9	5	0	0	0
========= After 4h movement========
0	5	4	0	0
1	5	1	0	0
2	3	10	0	0
3	6	0	0	0
4	0	6	0	0
5	7	8	0	0
6	7	10	0	0
7	3	5	0	0
8	2	10	0	0
9	9	10	0	0
============5h New cases=============
============= After 5hours==========
0 0 0 0 
0	5	4	0	0
1	5	1	0	0
2	3	10	0	0
3	6	0	0	0
4	0	6	0	0
5	7	8	0	0
6	7	10	0	0
7	3	5	0	0
8	2	10	0	0
9	9	10	0	0
========= After 5h movement========
0	3	10	0	0
1	1	1	0	0
2	6	8	0	0
3	5	5	0	0
4	2	4	0	0
5	6	6	0	0
6	5	6	0	0
7	5	0	0	0
8	1	4	0	0
9	5	6	0	0
============ Final result==============
